Name,Phone
Ahmad,Jazz
